[gd_scene format=3 uid="uid://ccdj2neuofomx"]

[ext_resource type="Script" uid="uid://bftcak8hng7gw" path="res://scenes/Dungeon/dungeon.gd" id="1_xfoey"]
[ext_resource type="Resource" uid="uid://brfvp6osp867i" path="res://assets/Resources/Dungeon Stuff/Dungeon_resources/temp_party_1.tres" id="2_dgt0a"]
[ext_resource type="Resource" uid="uid://bxctx8rnxsana" path="res://assets/Resources/Dungeon Stuff/Dungeon_resources/temp_party_2.tres" id="3_x3t77"]
[ext_resource type="Resource" uid="uid://xvh8favukow8" path="res://assets/Resources/Dungeon Stuff/Dungeon_resources/temp_party_3.tres" id="4_xal47"]
[ext_resource type="Resource" uid="uid://ga5pyvowfui4" path="res://assets/Resources/Dungeon Stuff/temp_item.tres" id="7_og2ux"]
[ext_resource type="PackedScene" uid="uid://ujf8gu4vwu00" path="res://assets/Resources/Combat_Template_3D.tscn" id="7_x3t77"]
[ext_resource type="PackedScene" uid="uid://dgs2lhgc5rktk" path="res://assets/Resources/Dungeon Stuff/Dungeon_Player_GUI.tscn" id="8_og2ux"]
[ext_resource type="Script" uid="uid://qecrevyq2xlu" path="res://assets/Scripts/Resource Scripts/items.gd" id="12_iegkx"]
[ext_resource type="AudioStream" uid="uid://eg4iog2p3170" path="res://assets/Resources/SFX/Eye-laser.wav" id="14_7uj4b"]
[ext_resource type="PackedScene" uid="uid://cnqf3p8mnno2t" path="res://scenes/Dungeon/Final_Dungeon_Wall_Mario_2.glb" id="14_edm4l"]
[ext_resource type="PackedScene" uid="uid://btij2pma38ddj" path="res://assets/tile sheets/Dungeon_Backgrounds/Forest_Dungeon_Background.glb" id="14_og2ux"]
[ext_resource type="PackedScene" uid="uid://ci2lmevgrkq15" path="res://assets/tile sheets/Dungeon_Backgrounds/Forest_Floor.glb" id="15_edm4l"]
[ext_resource type="PackedScene" uid="uid://b4111xsabmhhp" path="res://assets/tile sheets/Dungeon_Backgrounds/Dungeon_Dungeon_Floor.glb" id="16_7uj4b"]

[sub_resource type="Environment" id="Environment_a4wc1"]
background_mode = 1
background_color = Color(1, 1, 0.96862745, 1)
background_energy_multiplier = 0.42
ssao_enabled = true

[node name="Dungeon25d" type="Node3D" unique_id=248229616]
script = ExtResource("1_xfoey")
party_slot_1 = ExtResource("2_dgt0a")
party_slot_2 = ExtResource("3_x3t77")
party_slot_3 = ExtResource("4_xal47")
temp_item_list = Array[ExtResource("12_iegkx")]([ExtResource("7_og2ux"), ExtResource("7_og2ux")])

[node name="UI" type="Control" parent="." unique_id=738875588]
texture_filter = 1
layout_mode = 3
anchors_preset = 15
anchor_right = 1.0
anchor_bottom = 1.0
grow_horizontal = 2
grow_vertical = 2
mouse_filter = 1

[node name="DungeonPlayerGui" parent="UI" unique_id=217185090 instance=ExtResource("8_og2ux")]
z_index = 0
layout_mode = 1
offset_left = 18.0
offset_right = 18.0

[node name="Camera3D" type="Camera3D" parent="." unique_id=916271913]
transform = Transform3D(1, 0, 0, 0, 0.9659259, 0.25881907, 0, -0.25881907, 0.9659258, 0.395, 2.07, 6)
environment = SubResource("Environment_a4wc1")
fov = 15.0
near = 0.068

[node name="Enemy_Container" type="Node3D" parent="." unique_id=1866762753]
transform = Transform3D(1, 0, 0, 0, 1, 0, 0, 0, 1, 0.99463224, 0.43436444, 0.12080324)

[node name="Enemy_Slot5" parent="Enemy_Container" unique_id=1804750138 instance=ExtResource("7_x3t77")]
transform = Transform3D(1, 0, 0, 0, 0.976296, 0.21643962, 0, -0.21643962, 0.976296, -0.5184207, -0.13083813, 0.2273879)

[node name="Enemy_Slot4" parent="Enemy_Container" unique_id=85630224 instance=ExtResource("7_x3t77")]
transform = Transform3D(1, 0, 0, 0, 0.976296, 0.21643962, 0, -0.21643962, 0.976296, -0.2684207, -0.13083813, 0.27738798)

[node name="Enemy_Slot3" parent="Enemy_Container" unique_id=2004831497 instance=ExtResource("7_x3t77")]
transform = Transform3D(1, 0, 0, 0, 0.976296, 0.21643962, 0, -0.21643962, 0.976296, -0.018420696, -0.13083813, 0.32738793)

[node name="Enemy_Slot2" parent="Enemy_Container" unique_id=1397628051 instance=ExtResource("7_x3t77")]
transform = Transform3D(1, 0, 0, 0, 0.976296, 0.21643962, 0, -0.21643962, 0.976296, 0.2315793, -0.13083813, 0.377388)

[node name="Enemy_Slot1" parent="Enemy_Container" unique_id=240556923 instance=ExtResource("7_x3t77")]
transform = Transform3D(1, 0, 0, 0, 0.976296, 0.21643962, 0, -0.21643962, 0.976296, 0.48157954, -0.13083813, 0.42738795)

[node name="Background" type="Node3D" parent="." unique_id=507638438]
transform = Transform3D(1, 0, 0, 0, 1, 0, 0, 0, 1, 0, -0.046935797, 0)

[node name="DirectionalLight3D" type="DirectionalLight3D" parent="Background" unique_id=62143497]
transform = Transform3D(1, 0, 0, 0, 0.70710677, 0.70710677, 0, -0.70710677, 0.70710677, 2.7801843, 4.59894, 0.86376476)
light_energy = 0.694
sky_mode = 1

[node name="Dungeon_Dungeon" type="Node3D" parent="Background" unique_id=847566466]

[node name="Final_Dungeon_Wall_Mario_2" parent="Background/Dungeon_Dungeon" unique_id=1260364898 instance=ExtResource("14_edm4l")]
transform = Transform3D(0.1, 0, 0, 0, 0.017364822, -0.098480776, 0, 0.098480776, 0.017364822, -0.9435314, 0.76829386, -0.99052817)

[node name="Final_Dungeon_Wall_Mario_6" parent="Background/Dungeon_Dungeon" unique_id=1245794519 instance=ExtResource("14_edm4l")]
transform = Transform3D(0.1, 0, 0, 0, 0.017364822, -0.098480776, 0, 0.098480776, 0.017364822, 1.4257985, 0.76829386, -0.99052817)

[node name="Dungeon_Dungeon_Floor2" parent="Background/Dungeon_Dungeon" unique_id=320012077 instance=ExtResource("16_7uj4b")]
transform = Transform3D(-0.28998756, 0.00037070725, 0.0026600545, -0.0003240836, -0.2899554, 0.0050781993, 0.0026661356, 0.005075009, 0.2899433, 0.16042018, -0.20104289, -0.32642925)

[node name="Forest_Dungeon" type="Node3D" parent="Background" unique_id=1171691469]
visible = false

[node name="Forest_Floor" parent="Background/Forest_Dungeon" unique_id=308570016 instance=ExtResource("15_edm4l")]
transform = Transform3D(0.41, 0, 0, 0, 0.41, 0, 0, 0, 0.41, -0.0006752014, -0.554487, -1.138669)

[node name="Forest_Floor2" parent="Background/Forest_Dungeon" unique_id=1580522416 instance=ExtResource("15_edm4l")]
transform = Transform3D(0.41, 0, 0, 0, 0.41, 0, 0, 0, 0.41, -0.0006752014, -0.554487, -2.9016361)

[node name="Forest_Dungeon_Background" parent="Background/Forest_Dungeon" unique_id=1863807259 instance=ExtResource("14_og2ux")]
transform = Transform3D(-0.080523215, -0.067145005, 0.005705797, -0.0010702424, -0.0076151644, -0.10471801, 0.067378506, -0.08036512, 0.0051555834, -1.49215, 0.44343746, -1.598243)

[node name="Forest_Dungeon_Background2" parent="Background/Forest_Dungeon" unique_id=163128704 instance=ExtResource("14_og2ux")]
transform = Transform3D(0.105, 0, 0, 0, 0.0076900045, -0.104718015, 0, 0.104718015, 0.0076900045, 0.2899325, 0.44343746, -2.519319)

[node name="Forest_Dungeon_Background3" parent="Background/Forest_Dungeon" unique_id=1410993559 instance=ExtResource("14_og2ux")]
transform = Transform3D(-0.10070537, 0.029303376, -0.004973816, 0.0031278075, -0.0070251683, -0.10471801, -0.029557472, -0.100583084, 0.0058649224, 2.1966925, 0.44343746, -2.019648)

[node name="Player_Container" type="Node3D" parent="." unique_id=91559947]
transform = Transform3D(1, 0, 0, 0, 0.9848077, 0.17364818, 0, -0.17364818, 0.9848077, -0.0071456432, -0.046935797, -0.034164637)

[node name="Player_Slot1" parent="Player_Container" unique_id=617855372 instance=ExtResource("7_x3t77")]
transform = Transform3D(1, 0, 0, 0, 0.97629666, 0.21643981, 0, -0.21643981, 0.97629666, 0, 0.369, 0.3)

[node name="Player_Slot2" parent="Player_Container" unique_id=1573487760 instance=ExtResource("7_x3t77")]
transform = Transform3D(1, 0, 0, 0, 0.97629666, 0.21643981, 0, -0.21643981, 0.97629666, -0.3, 0.369, 0.8)

[node name="Player_Slot3" parent="Player_Container" unique_id=498151818 instance=ExtResource("7_x3t77")]
transform = Transform3D(1, 0, 0, 0, 0.97629666, 0.21643981, 0, -0.21643981, 0.97629666, -0.6, 0.369, 1.2)

[node name="AudioStreamPlayer3D" type="AudioStreamPlayer3D" parent="." unique_id=1639238937]
transform = Transform3D(1, 0, 0, 0, 1, 0, 0, 0, 1, 0, 0.38658774, 1.0366468)
stream = ExtResource("14_7uj4b")
attenuation_model = 1
volume_db = 80.0
