[gd_scene format=3 uid="uid://ccdj2neuofomx"]

[ext_resource type="Script" uid="uid://cn6380072d430" path="res://scenes/Dungeon/dungeon.gd" id="1_xfoey"]
[ext_resource type="Resource" uid="uid://cw3vpqck0mh18" path="res://assets/characters/player/MMC_Combatant_Information.tres" id="2_t7hpr"]
[ext_resource type="Resource" uid="uid://boqnrhovktrug" path="res://assets/characters/rowan/Rowan_Combatant_Information.tres" id="3_og2ux"]
[ext_resource type="Resource" uid="uid://dbt45tuwoqu3c" path="res://assets/characters/lyra/Lyra_Combatant_Information.tres" id="4_edm4l"]
[ext_resource type="Resource" uid="uid://dyxb3w4ehxlon" path="res://assets/Enemies/Slime_Creature.tres" id="7_edm4l"]
[ext_resource type="Resource" uid="uid://ga5pyvowfui4" path="res://assets/Resources/Dungeon Stuff/temp_item.tres" id="7_og2ux"]
[ext_resource type="PackedScene" uid="uid://ujf8gu4vwu00" path="res://assets/Resources/Combat_Template_3D.tscn" id="7_x3t77"]
[ext_resource type="Script" uid="uid://125iickqse23" path="res://assets/Resources/Dungeon Stuff/combatant.gd" id="8_7uj4b"]
[ext_resource type="PackedScene" uid="uid://dgs2lhgc5rktk" path="res://assets/Resources/Dungeon Stuff/Dungeon_Player_GUI.tscn" id="8_og2ux"]
[ext_resource type="PackedScene" uid="uid://cmbl7st5je157" path="res://scenes/Dungeon/Explorable_Dungeon_Test/Creepy_Dungeon_4_Way_Floor.glb" id="9_a4wc1"]
[ext_resource type="Resource" uid="uid://yvrmypgackkj" path="res://assets/Enemies/Eye_Ball2.tres" id="9_edm4l"]
[ext_resource type="Script" uid="uid://bavg0a8nb6nab" path="res://assets/Resources/Dungeon Stuff/dungeon_wave.gd" id="9_iegkx"]
[ext_resource type="PackedScene" uid="uid://drkpac80drds6" path="res://scenes/Dungeon/Explorable_Dungeon_Test/Rooms/Forest_Dungeon/Forest_Grid_Tile.glb" id="9_w732d"]
[ext_resource type="Script" uid="uid://qecrevyq2xlu" path="res://assets/Scripts/Resource Scripts/items.gd" id="12_iegkx"]
[ext_resource type="AudioStream" uid="uid://eg4iog2p3170" path="res://assets/Resources/SFX/Eye-laser.wav" id="14_7uj4b"]

[sub_resource type="Resource" id="Resource_t7hpr"]
script = ExtResource("9_iegkx")
encounterable_enemy = ExtResource("7_edm4l")
enemies = Array[ExtResource("8_7uj4b")]([ExtResource("7_edm4l"), ExtResource("9_edm4l"), ExtResource("7_edm4l")])
metadata/_custom_type_script = "uid://bavg0a8nb6nab"

[sub_resource type="Environment" id="Environment_a4wc1"]
background_mode = 1
background_color = Color(0.32889554, 0.15117607, 0.1512739, 0.3764706)
background_energy_multiplier = 0.25
reflected_light_source = 1
ssao_enabled = true

[node name="Dungeon25d" type="Node3D" unique_id=248229616]
script = ExtResource("1_xfoey")
party_slot_1 = ExtResource("2_t7hpr")
party_slot_2 = ExtResource("3_og2ux")
party_slot_3 = ExtResource("4_edm4l")
temp_item_list = Array[ExtResource("12_iegkx")]([ExtResource("7_og2ux"), ExtResource("7_og2ux")])
test_encounter = SubResource("Resource_t7hpr")

[node name="UI" type="Control" parent="." unique_id=738875588]
texture_filter = 1
layout_mode = 3
anchors_preset = 15
anchor_right = 1.0
anchor_bottom = 1.0
grow_horizontal = 2
grow_vertical = 2
mouse_filter = 1

[node name="DungeonPlayerGui" parent="UI" unique_id=217185090 instance=ExtResource("8_og2ux")]
z_index = 0
layout_mode = 1
offset_left = -1.0
offset_right = -1.0

[node name="Camera3D" type="Camera3D" parent="." unique_id=916271913]
transform = Transform3D(0.2850301, 0.35639808, -0.8897968, 0.0658624, 0.9188279, 0.389124, 0.9562531, -0.16951619, 0.23842037, -1.806746, 1.954, 2.6065888)
environment = SubResource("Environment_a4wc1")
projection = 1
fov = 15.0
size = 2.5
near = 0.068

[node name="Enemy_Container" type="Node3D" parent="." unique_id=1866762753]
transform = Transform3D(1, 0, 0, 0, 1, 0, 0, 0, 1, 3.134, 0.434, 1.595)

[node name="Background" type="Node3D" parent="." unique_id=507638438]
transform = Transform3D(1, 0, 0, 0, 1, 0, 0, 0, 1, 0, -0.046935797, 0)

[node name="DirectionalLight3D" type="DirectionalLight3D" parent="Background" unique_id=62143497]
transform = Transform3D(1, 0, 0, 0, 0.70710677, 0.70710677, 0, -0.70710677, 0.70710677, 2.7801843, 4.59894, 0.86376476)
light_energy = 0.694
light_bake_mode = 1
sky_mode = 1

[node name="Dungeon_Dungeon" type="Node3D" parent="Background" unique_id=847566466]
visible = false

[node name="SpotLight3D" type="SpotLight3D" parent="Background" unique_id=893694391]
transform = Transform3D(1, 0, 0, 0, -4.371139e-08, 1, 0, -1, -4.371139e-08, 0.7526412, 1.9938134, -0.02320695)
light_bake_mode = 1

[node name="SpotLight3D2" type="SpotLight3D" parent="Background" unique_id=1399918265]
transform = Transform3D(1, 0, 0, 0, -4.371139e-08, 1, 0, -1, -4.371139e-08, 5.6435122, 1.9938134, -0.02320695)
light_color = Color(1, 0.12941177, 0.07450981, 1)
light_bake_mode = 1

[node name="Floor_Tiles" type="Node3D" parent="Background" unique_id=123061932]

[node name="Dungeon_1" type="Node3D" parent="Background/Floor_Tiles" unique_id=103525384]
visible = false

[node name="Creepy_Dungeon_4_Way_Floor" parent="Background/Floor_Tiles/Dungeon_1" unique_id=285974475 instance=ExtResource("9_a4wc1")]
transform = Transform3D(0.42636693, 0, -0.10250459, 0, 0.4, 0, 0.10867956, 0, 0.4021415, 1.5124538, -0.09565014, 1.2627358)

[node name="Creepy_Dungeon_4_Way_Floor2" parent="Background/Floor_Tiles/Dungeon_1" unique_id=16116695 instance=ExtResource("9_a4wc1")]
transform = Transform3D(-0.42636693, 0, 0.10250454, 0, 0.4, 0, -0.10867951, 0, -0.40214154, 3.12, -0.096, 1.668)

[node name="Dungeon_2" type="Node3D" parent="Background/Floor_Tiles" unique_id=940084801]

[node name="Forest_Grid_Tile" parent="Background/Floor_Tiles/Dungeon_2" unique_id=1480615734 instance=ExtResource("9_w732d")]
transform = Transform3D(0.21318346, 0, -0.049399804, 0, 0.25, 0, 0.054339785, 0, 0.19380315, 1.4338025, -0.2637664, 1.3085171)

[node name="Forest_Grid_Tile2" parent="Background/Floor_Tiles/Dungeon_2" unique_id=2023437079 instance=ExtResource("9_w732d")]
transform = Transform3D(0.21318346, 0, -0.049399804, 0, 0.25, 0, 0.054339785, 0, 0.19380315, 2.937, -0.264, 1.75)

[node name="Player_Container" type="Node3D" parent="." unique_id=91559947]
transform = Transform3D(1, 0, 0, 0, 0.98480767, 0.17364818, 0, -0.17364818, 0.98480767, 0.255, 0.358, 1.082)

[node name="Player_Slot1" parent="Player_Container" unique_id=617855372 instance=ExtResource("7_x3t77")]
transform = Transform3D(1, 0, 0, 0, 0.97629714, 0.21643998, 0, -0.21643998, 0.97629714, 0.2, 0, 0)

[node name="Player_Slot2" parent="Player_Container" unique_id=1573487760 instance=ExtResource("7_x3t77")]
transform = Transform3D(1, 0, 0, 0, 0.97629714, 0.21643998, 0, -0.21643998, 0.97629714, -0.3, 0, 0.8)

[node name="Player_Slot3" parent="Player_Container" unique_id=498151818 instance=ExtResource("7_x3t77")]
transform = Transform3D(1, 0, 0, 0, 0.97629714, 0.21643998, 0, -0.21643998, 0.97629714, -0.8, 0, 1.6)

[node name="AudioStreamPlayer3D" type="AudioStreamPlayer3D" parent="." unique_id=1639238937]
transform = Transform3D(1, 0, 0, 0, 1, 0, 0, 0, 1, 0.29058766, 0.38658774, 1.0833447)
stream = ExtResource("14_7uj4b")
attenuation_model = 1
volume_db = 80.0
